71
473255
369
473283
688
473240
193
473251
322
473237
183
473224
14
473293
813
473269
518
473263
418
473266
457
473291
746
473234
167
473260
392
473270
539
473284
711
473268
513
473289
739
473285
721
473294
19651
473239
191
473248
283
473253
352
473277
587
473286
725
473287
726
473272
554
473228
80
473246
275
473261
400
473247
282
473233
153
473243
251
473275
575
473230
83
473227
68
473229
81
473250
316
473258
387
473271
540
473273
556
473276
579
473279
603
473280
606
473282
683
473259
391
473254
368
473288
738
473238
184
473249
285
473278
590
473231
116
473241
220
473236
180
473265
450
473274
562
473245
272
473242
244
473232
148
473264
439
473235
172
473257
386
473226
62
473262
406
473225
52
473281
639
473252
342
473256
381
473292
748
473267
471
473290
741
474697
732